0.14, 0.25, 1159.18, 1126.68, 0.20
0.57, 0.97, 1161.56, 1218.44, 0.80
0.58, 0.97, 1130.76, 1186.26, 0.80
0.39, 0.52, 981.06, 1157.23, 0.53
0.45, 0.78, 1230.09, 890.74, 0.67
0.65, 0.84, 1067.47, 905.82, 0.87

0.09, 0.26, 2299.82, 2474.77, 0.10
0.63, 0.96, 2538.21, 2299.45, 0.73
0.69, 0.95, 2350.80, 2194.09, 0.80
0.46, 0.60, 2276.18, 2437.72, 0.53
0.67, 0.80, 2327.88, 1267.44, 0.77
0.89, 0.95, 2077.80, 1749.01, 1.00

0.23, 0.32, 4755.91, 5426.74, 0.25
0.70, 0.95, 4570.05, 4204.23, 0.75
0.70, 0.96, 4374.20, 4538.91, 0.75
0.34, 0.45, 4192.95, 4625.52, 0.37
0.81, 0.86, 4595.36, 2694.72, 0.87
0.78, 0.95, 4089.80, 3483.68, 0.83

voyage: 101.78, 185.67, 336.18, 309.47, 226.08, 
time: 112.52, 164.73, 237.17, 231.61, 380.65, 
tasks: 1, 2, 5, 5, 2, 
voyage: 238.34, 192.68, 214.14, 176.21, 340.19, 
time: 137.72, 168.75, 251.87, 290.12, 369.98, 
tasks: 3, 2, 3, 2, 5, 
voyage: 204.24, 195.97, 214.14, 176.21, 340.19, 
time: 127.05, 182.92, 237.28, 291.76, 347.25, 
tasks: 2, 3, 3, 2, 5, 
voyage: 316.59, 293.90, 0.00, 161.32, 209.25, 
time: 124.84, 204.93, 172.09, 303.99, 351.38, 
tasks: 4, 4, 0, 2, 5, 
voyage: 204.24, 385.35, 143.19, 255.63, 241.67, 
time: 105.06, 142.84, 185.21, 207.67, 249.97, 
tasks: 2, 6, 2, 2, 3, 
voyage: 200.97, 228.81, 175.40, 260.25, 202.04, 
time: 114.17, 152.69, 184.62, 199.95, 254.39, 
tasks: 2, 3, 2, 5, 3, 

voyage: 0.00, 264.38, 287.82, 274.24, 320.63, 195.75, 120.72, 378.02, 210.17, 248.10, 
time: 135.53, 150.34, 169.60, 192.53, 271.24, 224.53, 393.40, 310.49, 224.64, 402.48, 
tasks: 0, 3, 3, 3, 5, 2, 2, 5, 2, 5, 
voyage: 232.83, 219.69, 296.30, 255.90, 317.52, 191.87, 228.93, 239.94, 302.82, 252.42, 
time: 137.72, 126.40, 167.06, 155.06, 242.16, 236.54, 260.06, 261.28, 351.25, 361.92, 
tasks: 3, 3, 4, 3, 4, 2, 2, 3, 3, 3, 
voyage: 267.32, 214.31, 244.62, 206.67, 235.27, 178.22, 291.83, 203.17, 251.65, 257.75, 
time: 124.21, 137.77, 159.83, 244.61, 237.62, 191.40, 255.93, 228.58, 285.24, 328.89, 
tasks: 3, 2, 3, 3, 2, 2, 3, 4, 3, 5, 
voyage: 310.17, 208.10, 226.65, 223.41, 184.57, 368.24, 165.37, 230.88, 165.15, 193.62, 
time: 122.47, 156.20, 172.97, 135.55, 248.39, 296.41, 293.46, 282.06, 434.77, 295.45, 
tasks: 5, 1, 3, 4, 1, 6, 2, 4, 1, 3, 
voyage: 180.84, 283.66, 325.29, 167.07, 201.79, 229.70, 186.36, 277.87, 250.49, 224.81, 
time: 82.08, 103.06, 114.11, 111.13, 76.67, 196.83, 154.21, 133.41, 162.27, 133.66, 
tasks: 2, 4, 4, 1, 3, 3, 2, 3, 4, 4, 
voyage: 204.63, 202.26, 244.62, 206.68, 236.31, 189.69, 263.88, 175.39, 225.91, 128.45, 
time: 110.45, 178.32, 129.58, 144.53, 145.40, 173.56, 200.54, 215.69, 163.14, 287.79, 
tasks: 3, 2, 3, 4, 4, 2, 3, 3, 4, 2, 

voyage: 160.31, 188.62, 277.18, 104.60, 373.29, 227.79, 223.73, 0.00, 288.07, 382.53, 197.84, 171.21, 345.33, 219.90, 161.18, 231.08, 266.52, 260.65, 500.24, 175.84, 
time: 135.68, 176.66, 162.87, 109.25, 136.13, 147.71, 175.00, 239.21, 286.29, 217.90, 190.99, 281.31, 369.99, 335.62, 380.66, 219.61, 485.97, 390.35, 491.70, 493.86, 
tasks: 1, 2, 4, 1, 6, 3, 3, 0, 3, 5, 2, 2, 5, 2, 3, 2, 3, 4, 7, 2, 
voyage: 252.09, 278.46, 152.70, 237.08, 247.03, 258.07, 232.42, 221.98, 278.87, 245.89, 248.44, 191.07, 210.09, 208.07, 244.30, 334.76, 178.86, 190.48, 181.29, 178.10, 
time: 137.72, 126.40, 167.06, 88.79, 151.21, 127.12, 120.31, 205.39, 174.57, 213.18, 159.07, 269.25, 258.13, 189.07, 307.64, 250.98, 347.25, 234.68, 351.97, 324.44, 
tasks: 3, 3, 3, 3, 4, 3, 3, 3, 4, 3, 3, 3, 3, 3, 3, 3, 2, 3, 3, 2, 
voyage: 160.31, 226.26, 321.77, 182.77, 374.43, 181.46, 207.29, 90.40, 162.11, 193.71, 298.30, 210.18, 193.54, 167.14, 209.42, 203.62, 210.27, 274.98, 228.75, 277.49, 
time: 112.48, 156.51, 154.85, 168.58, 177.07, 228.93, 153.74, 220.78, 230.09, 237.73, 188.50, 277.83, 186.13, 298.00, 274.31, 239.83, 294.61, 190.32, 268.04, 480.57, 
tasks: 1, 2, 4, 2, 7, 3, 2, 2, 2, 3, 5, 4, 3, 1, 3, 2, 3, 4, 3, 4, 
voyage: 101.78, 167.85, 0.00, 248.46, 264.20, 212.45, 235.09, 238.55, 277.14, 350.02, 277.61, 246.61, 218.51, 171.49, 444.87, 116.29, 154.10, 188.09, 123.28, 156.60, 
time: 124.20, 150.94, 166.07, 135.32, 183.56, 161.44, 157.75, 217.96, 348.08, 277.81, 133.04, 189.56, 259.37, 351.76, 444.66, 210.26, 312.57, 196.72, 385.71, 218.76, 
tasks: 1, 1, 0, 3, 5, 3, 5, 4, 4, 6, 5, 3, 3, 3, 6, 2, 2, 2, 1, 1, 
voyage: 243.22, 173.60, 237.21, 217.35, 230.32, 204.47, 275.06, 312.29, 309.76, 229.48, 230.71, 129.41, 278.52, 219.91, 209.64, 236.00, 237.91, 200.43, 171.39, 248.67, 
time: 94.95, 89.91, 83.55, 97.63, 106.49, 90.04, 165.13, 117.42, 117.79, 99.46, 167.76, 221.48, 109.76, 177.28, 149.09, 200.59, 119.26, 112.85, 180.44, 193.84, 
tasks: 3, 3, 3, 3, 3, 3, 3, 4, 4, 2, 3, 3, 4, 2, 2, 2, 2, 4, 3, 4, 
voyage: 219.23, 293.71, 181.02, 206.23, 198.30, 147.32, 146.33, 139.91, 207.12, 185.34, 129.43, 302.89, 183.94, 244.37, 218.05, 179.17, 239.83, 237.77, 169.46, 260.39, 
time: 110.76, 134.73, 175.60, 168.49, 136.90, 145.39, 118.47, 214.28, 232.38, 150.17, 157.47, 137.56, 173.79, 180.64, 168.10, 174.40, 233.26, 229.32, 205.95, 236.03, 
tasks: 2, 4, 2, 3, 3, 2, 2, 2, 3, 4, 3, 4, 4, 4, 3, 2, 4, 3, 2, 4, 